map moves pushes
90 1426 490
90 1428 482
90 1430 480
90 1434 478
90 1436 476
90 1440 474
90 1444 472
90 1448 470
90 1452 468
90 1456 466
90 1460 464
90 1464 462
90 1514 460
89 1257 403
89 1259 401
89 1263 397
89 1267 395
89 1271 393
89 1277 391
89 1279 389
89 1287 387
89 1295 385
89 1305 383
89 1317 381
89 1333 379
88 930 396
88 938 394
88 944 392
88 962 390
87 692 275
87 694 273
87 696 269
87 698 267
87 704 265
87 710 263
87 712 261
87 716 259
87 720 257
87 726 255
87 732 253
87 738 251
87 746 249
87 750 247
87 758 245
87 764 243
87 772 241
87 778 239
87 798 237
87 815 235
87 845 233
86 478 144
86 482 140
86 486 138
86 492 136
86 502 134
85 1210 335
85 1211 333
85 1213 331
85 1231 329
84 370 159
84 374 157
84 388 155
83 464 194
82 341 149
82 343 147
82 349 145
82 357 143
81 445 189
81 447 183
81 448 181
81 450 179
81 452 177
81 454 175
81 462 173
80 539 231
79 418 178
79 422 176
79 442 174
78 355 142
78 356 140
78 358 138
78 364 136
77 1515 380
77 1517 376
77 1531 374
77 1539 370
77 1553 368
76 600 240
76 602 226
76 606 222
76 608 220
76 610 218
76 616 216
76 642 214
76 672 212
76 716 210
76 770 208
76 826 206
76 884 204
75 903 329
75 905 327
75 935 325
75 959 317
75 994 315
75 1027 313
75 1031 309
75 1083 307
75 1126 305
75 1145 303
75 1183 301
75 1228 299
75 1279 297
75 1343 295
74 586 216
74 590 214
74 614 212
73 1255 443
73 1259 441
72 757 304
72 759 302
72 763 300
72 767 298
72 773 296
71 838 320
71 840 318
71 852 316
71 870 314
71 900 312
71 937 310
71 975 308
70 924 365
70 926 361
70 928 355
70 930 351
70 936 347
70 938 343
70 944 339
70 948 337
70 958 335
70 978 333
69 1239 443
69 1243 441
69 1249 439
69 1251 437
69 1261 435
69 1277 433
68 1083 379
68 1085 377
68 1087 365
68 1095 363
68 1103 355
68 1109 353
68 1121 351
68 1131 343
68 1147 341
67 1003 415
67 1005 413
67 1007 411
67 1011 409
67 1017 407
67 1023 405
67 1029 403
67 1035 401
66 955 347
66 957 343
66 961 339
66 963 337
66 967 335
66 971 333
66 975 331
66 981 329
66 997 327
66 1017 325
65 611 235
65 613 233
65 617 229
65 619 227
65 623 223
65 625 221
65 629 217
65 631 215
65 637 213
65 645 211
64 965 391
64 967 389
64 969 387
64 971 385
63 1023 449
63 1025 447
63 1029 445
63 1035 441
63 1045 439
63 1055 437
63 1065 435
63 1075 433
63 1085 431
62 632 255
62 634 249
62 648 245
61 732 275
61 733 273
61 735 271
61 739 269
61 745 267
61 751 265
61 757 263
60 384 158
60 386 156
60 390 154
60 400 152
59 586 246
59 604 244
59 606 242
59 618 240
59 634 238
59 650 236
59 663 234
59 683 232
59 707 230
58 558 207
58 560 203
58 568 201
58 572 199
57 542 233
57 544 229
57 546 227
57 552 225
56 527 221
56 529 219
56 533 215
56 535 211
56 537 209
56 545 207
56 559 205
56 563 203
55 346 124
55 350 122
55 358 120
54 523 193
54 529 191
54 539 189
54 557 187
53 518 192
53 519 190
53 534 186
52 1495 431
52 1499 429
52 1507 427
52 1511 425
52 1523 423
52 1569 421
51 328 120
51 333 118
50 969 376
50 971 370
49 373 140
49 375 138
49 377 134
49 379 132
49 383 130
49 387 128
49 395 126
49 449 124
48 430 200
47 540 211
47 542 209
46 737 271
46 739 263
46 741 261
46 743 259
46 745 257
46 747 255
46 753 253
46 763 251
46 775 249
46 783 247
45 801 302
45 803 300
44 483 191
44 487 189
44 499 187
44 513 185
44 527 183
44 541 181
44 557 179
43 518 152
43 520 150
43 522 148
43 540 146
42 572 242
42 574 240
42 576 238
42 580 234
42 584 232
42 590 230
42 594 228
42 599 226
42 601 224
42 607 222
42 617 220
42 627 218
41 587 239
41 591 237
40 1086 324
39 1590 700
39 1594 692
39 1596 690
39 1598 688
39 1602 686
39 1606 684
39 1612 682
39 1616 680
39 1622 678
39 1630 676
39 1640 674
39 1650 672
38 204 83
38 220 81
37 720 288
37 726 286
37 746 284
36 1409 553
36 1421 549
36 1431 545
36 1441 541
36 1453 537
36 1463 533
36 1473 529
36 1485 525
36 1497 521
35 930 392
35 932 386
35 962 384
35 986 382
35 988 380
35 1026 378
34 480 190
34 482 188
34 484 186
34 490 184
34 492 176
34 508 174
34 512 172
34 516 170
34 544 168
33 532 188
33 533 186
33 537 184
33 550 182
33 556 180
33 561 178
33 567 176
33 579 174
32 360 143
32 366 141
32 382 139
31 694 290
31 696 288
31 698 286
31 699 282
31 701 280
31 703 278
31 705 276
31 707 274
31 711 272
31 713 270
31 717 268
31 719 266
31 725 264
31 727 262
31 733 260
31 735 258
31 741 256
31 749 254
31 763 252
31 775 250
30 1197 475
30 1199 471
30 1215 469
30 1223 467
30 1241 465
29 593 170
29 595 168
29 605 166
29 629 164
28 809 310
28 825 308
27 1204 373
27 1206 371
27 1210 369
27 1216 367
27 1222 365
27 1234 363
26 501 201
26 503 199
26 505 197
26 509 195
25 1201 404
25 1203 402
25 1219 400
25 1225 398
25 1229 394
25 1231 392
25 1243 390
25 1247 388
25 1249 386
24 1253 560
24 1255 554
24 1257 552
24 1259 550
24 1267 548
24 1279 546
24 1293 544
23 1055 454
23 1057 452
23 1059 450
23 1061 448
22 862 332
22 864 330
22 866 328
22 874 326
22 880 324
21 424 153
21 426 151
21 428 149
21 430 147
20 1529 538
20 1531 536
20 1535 534
20 1543 530
20 1545 528
20 1549 526
20 1557 522
20 1559 520
20 1563 518
20 1571 514
20 1573 512
20 1577 510
20 1585 506
20 1587 504
20 1591 502
20 1599 498
20 1601 496
20 1605 494
20 1615 490
20 1617 488
20 1621 486
20 1631 484
20 1633 482
20 1637 480
20 1639 478
20 1649 476
20 1655 474
20 1657 472
20 1669 470
20 1687 468
20 1691 466
20 1703 464
20 1723 462
19 653 314
19 655 310
19 657 304
19 667 302
18 540 140
18 542 136
18 546 130
18 548 128
18 556 126
18 594 124
17 503 217
17 515 215
17 533 213
16 582 226
16 592 220
16 602 214
16 614 208
16 624 204
16 634 198
16 644 192
16 656 188
16 676 186
15 348 142
15 350 140
15 356 134
15 368 132
15 383 130
15 397 128
15 417 126
15 445 124
15 475 122
14 796 261
14 804 259
14 808 257
14 812 255
14 814 253
14 818 251
14 820 249
14 822 247
14 824 245
14 826 243
14 834 241
14 848 239
13 656 248
13 660 246
13 668 244
13 678 242
13 688 240
13 708 238
12 579 216
12 591 214
12 625 212
11 737 255
11 739 251
11 741 249
11 743 247
11 761 245
11 763 243
11 787 241
10 1267 536
10 1269 534
10 1271 532
10 1279 528
10 1281 526
10 1283 524
10 1301 522
10 1303 520
10 1307 518
10 1327 516
10 1329 514
10 1333 512
9 521 237
8 532 244
8 534 234
8 543 232
8 548 230
7 231 96
7 239 94
7 245 92
7 253 90
7 263 88
6 281 116
6 289 110
5 363 145
5 365 143
4 790 357
4 792 355
3 312 138
3 314 134
2 463 141
2 465 133
2 471 131
1 230 97
